510 485 579
197 199 198
483 479 495
510 494 484
491 499 504
196 199 197
344 342 301
281 238 280
300 301 224
222 224 223
57 156 155
273 272 57
610 612 611
601 603 602
83 202 82
583 582 580
583 582 580
627 593 616
363 362 360
381 389 394
384 383 381
262 378 380
382 365 389
377 376 374
426 425 423
426 425 423
434 436 437
467 466 465
440 453 454
423 425 424
516 518 515
519 518 511
541 531 533
528 532 531
529 532 528
532 534 533
665 664 670
688 689 686
666 667 663
681 682 680
666 667 663
683 687 690
0 61 3
8 9 3
4 7 5
287 104 286
253 252 250
43 89 42
23 22 20
83 202 82
102 278 769
16 18 17
144 19 145
19 18 16
709 708 702
708 707 706
699 753 701
697 104 705
698 712 713
714 704 713
164 166 165
167 166 164
222 224 223
140 139 137
167 166 164
177 176 174
324 333 317
317 309 324
355 354 353
326 323 325
355 354 353
327 329 332
729 727 728
729 727 728
759 760 758
751 747 752
727 724 720
719 724 722
583 582 580
601 603 602
641 681 631
680 638 624
625 624 581
636 635 628
452 410 396
413 453 403
397 396 357
404 407 406
397 396 357
440 453 454
516 518 515
519 518 511
512 511 473
507 506 469
514 507 513
515 505 516
