328 342 343
301 341 281
324 326 327
331 330 325
397 396 357
309 304 323
438 454 455
434 436 437
640 641 621
672 671 662
49 48 46
682 683 668
317 320 318
651 654 652
527 529 528
527 540 530
534 536 535
222 224 223
583 582 580
436 433 435
58 156 57
393 392 390
348 349 346
396 398 356
644 647 645
551 564 565
500 503 501
468 471 469
460 461 458
632 635 634
374 376 375
302 299 303
604 607 605
471 495 497
362 373 361
140 139 137
491 499 504
566 570 573
521 520 508
610 612 611
665 664 670
736 737 733
428 416 429
590 592 591
258 127 172
594 597 595
717 719 718
617 588 623
726 725 724
199 606 608
282 226 283
101 103 102
311 313 312
758 715 759
31 704 267
171 170 168
83 82 80
212 261 133
196 199 197
419 418 416
747 748 726
414 411 415
699 753 701
388 399 366
475 474 472
404 395 405
65 64 62
292 291 276
31 30 28
426 425 423
13 15 11
766 768 764
74 76 75
498 477 492
774 771 775
703 702 249
143 19 144
20 22 21
100 103 101
146 148 147
126 125 123
600 603 601
152 151 149
706 705 250
8 9 3
81 154 153
23 22 20
227 231 230
27 68 94
73 70 777
688 677 691
146 67 157
240 7 115
97 244 243
43 89 42
178 180 179
574 560 575
193 192 190
265 264 112
50 52 51
40 5 41
210 205 211
109 35 254
215 279 210
92 38 91
79 78 53
118 37 122
44 119 120
