468 471 469
491 499 504
196 199 197
292 291 276
77 76 74
330 341 342
281 238 280
305 296 321
56 58 57
583 582 580
610 612 611
604 607 605
600 603 601
377 376 374
363 362 360
388 399 366
262 378 380
438 454 455
429 433 434
441 440 435
460 449 463
414 411 415
527 529 528
534 536 535
540 555 554
551 564 565
516 518 515
568 559 569
640 641 621
672 671 662
651 654 652
666 667 663
661 644 660
633 635 632
31 30 28
126 125 123
3 61 60
115 4 113
42 89 88
258 127 172
101 103 102
171 170 168
83 82 80
129 128 13
151 152 271
19 18 16
71 148 146
96 98 97
67 24 95
23 180 178
193 192 190
50 52 51
112 111 109
121 214 85
37 39 38
79 78 53
31 704 267
699 753 701
703 702 249
165 48 194
133 136 134
327 329 332
355 354 353
304 309 307
345 336 346
312 315 311
338 313 339
736 737 733
726 725 724
755 756 741
720 719 717
761 750 764
580 582 581
624 626 580
617 588 623
397 396 357
390 392 391
401 400 361
507 506 469
501 503 502
477 475 476
