0
1
2
3
4
7
8
9
10
11
12
24
25
26
27
30
31
32
33
34
35
36
37
40
44
45
46
47
48
49
60
61
62
63
64
65
66
67
68
69
70
71
72
73
74
75
76
77
93
94
95
96
97
98
99
100
101
102
103
106
107
108
109
110
111
112
113
114
115
116
117
118
119
120
123
124
125
126
128
129
130
131
132
137
138
139
140
141
142
146
147
148
149
150
151
152
154
155
156
157
159
164
165
166
167
168
169
170
171
172
173
188
194
195
196
197
198
199
223
228
237
238
240
241
242
243
244
245
246
247
249
254
255
257
262
264
265
266
267
268
271
275
278
280
281
284
285
288
298
301
322
323
324
325
326
327
328
329
330
331
332
333
337
340
341
342
343
344
345
346
347
348
349
350
351
352
353
354
355
356
357
358
359
370
371
372
373
374
375
376
377
378
379
380
385
386
387
392
396
397
398
402
403
410
413
435
436
437
438
439
440
441
442
452
453
454
455
456
459
461
462
466
467
468
469
470
471
482
483
484
485
486
487
488
489
490
491
496
497
501
502
503
504
506
507
508
510
513
514
521
522
523
524
525
544
545
546
547
548
549
550
551
552
553
555
559
560
563
564
565
566
567
568
569
570
571
572
573
574
575
576
577
578
579
580
581
582
583
594
595
596
597
600
601
602
603
604
605
606
607
608
609
612
614
615
618
619
620
621
622
624
625
630
631
638
639
640
641
642
644
652
653
656
657
660
661
662
663
664
665
666
667
668
669
670
671
672
674
675
676
677
678
679
680
681
682
683
684
685
686
687
688
689
690
691
692
693
694
695
696
698
699
700
701
704
711
713
714
732
733
734
735
736
737
738
739
740
741
742
743
749
750
753
754
755
756
757
758
759
760
761
762
763
764
765
766
767
768
769
770
771
772
773
774
775
776
777
