40 36 41
178 204 179
229 232 193
111 264 112
7 5 6
88 236 89
9 2 240
249 703 124
28 31 698
706 250 705
700 125 699
756 739 763
721 709 731
742 739 741
716 707 715
757 756 760
727 724 747
768 763 743
765 766 745
715 759 749
721 733 732
19 144 145
63 69 68
217 218 219
26 25 265
173 135 189
164 177 140
212 133 261
171 194 139
57 273 155
224 222 223
86 226 283
47 237 238
342 328 343
305 296 316
325 330 331
303 316 294
344 343 347
311 308 307
327 329 326
317 324 309
337 334 336
305 322 321
18 220 19
74 268 271
218 216 207
285 25 95
385 368 367
381 384 374
388 366 399
379 386 370
361 401 372
390 392 393
364 395 405
357 396 397
454 438 455
430 421 420
438 440 435
415 414 446
456 455 459
423 425 426
442 462 439
464 465 444
414 458 448
420 432 431
183 21 20
148 275 71
490 480 495
491 493 494
498 481 509
579 489 485
482 512 508
500 501 503
516 472 476
469 507 513
566 573 570
531 519 541
551 549 565
538 541 526
570 568 567
529 532 534
574 577 576
556 537 562
526 525 557
531 543 542
82 100 103
182 181 83
771 775 770
256 257 153
178 208 204
244 241 98
608 592 613
609 610 612
590 593 616
596 607 601
598 626 580
632 619 618
628 584 633
630 625 631
683 690 687
648 659 636
666 683 668
655 658 643
686 685 687
651 647 646
691 694 693
671 656 673
674 655 643
660 659 645
11 12 10
29 105 230
8 60 3
262 263 185
143 144 19
93 152 69
276 293 247
206 18 21
77 147 74
161 608 199
20 182 183
775 275 776
62 168 132
144 274 259
128 127 172
370 288 379
399 369 270
141 579 197
290 291 276
595 604 596
593 289 627
612 611 696
156 134 58
174 167 225
212 175 87
48 165 194
298 273 297
299 224 300
294 316 295
341 330 342
361 373 362
392 394 377
364 363 365
357 358 356
408 431 409
411 393 412
406 430 407
453 397 452
495 479 483
499 491 504
476 475 477
486 496 470
508 520 521
500 503 522
516 518 511
564 565 524
583 613 599
609 622 610
590 589 587
601 614 602
680 638 668
634 618 639
628 635 636
641 682 684
