0.11589808816968966 0.2634528571401757
0.016451182998427717 0.9127418511463672
0.3728001970726268 0.5064861726269101
0.26623135938853143 0.5631843981170793
0.2916237599452001 0.277130983031844
0.11892262429184193 0.4622041504359735
0.7640969397332795 0.23398239511134428
0.47714247907530977 0.24502018042315718
0.030320990451203865 0.49144932191449786
0.4022928014261046 0.399733148989342
0.7153364141434303 0.053462952602651194
0.15376177527482282 0.3146043065564858
0.2806087991916555 0.3152581780308333
0.5684005335309352 0.16131886334071344
0.17087831474616652 0.11537287402712225
0.037522720081206266 0.6344334860153362
0.5513597639157224 0.21314765543459813
0.4162014134993104 0.3015229105875567
7.28172815069682e-07 0.9999989077407774
0.0261434896482478 0.932424539493483
0.7044786208493897 0.12553681355796548
0.06761315700476415 0.5941336050599468
0.10473894843067874 0.09488237155988624
0.4061900896948167 0.04868148194577092
0.12482361869813235 0.23000035221312928
0.1628867472494946 0.30133663827745866
0.6260720167643974 0.30032886839507317
0.10050054599773214 0.82648078799282
0.3652212142328376 0.11813424642681306
0.4406619698993465 0.271841160616324
0.25528156089923976 0.33244968042454587
0.20424066047754894 0.49854349444675095
0.08864183061902606 0.39496897347170157
0.8538730777007235 0.020619300498212277
0.22865436338183767 0.0824044967775175
0.3190215608719691 0.20215256880601234
0.09072889829680575 0.054476286828952426
0.26291257209736735 0.18448392117309168
0.07111463804634315 0.4697890731710509
0.2927376853970431 0.6011809140050572
1.1628751458478008e-08 2.3257502916956016e-08
0.04262896241056382 0.8521291291440813
0.670870220157837 0.2673756247558518
0.8277680875465927 0.12635068024765295
0.6882565716035074 0.2825821676031277
0.2017966488096068 0.21113693239644762
0.3433921620364361 0.3121158641582177
0.47885768909729426 0.0034357830862203477
0.49593230168086816 0.2421977939092287
0.2932806446216207 0.5115836268234502
0.6166502613861539 0.11002380363779977
0.5678787243455086 0.05178894801544653
0.48812193622331007 0.08904895803282864
0.1683982502040672 0.7731049367391667
0.2827369262962446 0.16175678527077808
0.37297296881492636 0.5403483839765078
0.18231033869004887 0.5067785247172486
0.5051609806096908 0.4510551299075935
0.16603417537450027 0.29120350808289036
0.21881875278288992 0.28595017015926955
0.3447836019199228 0.6302321287563333
0.4487206132702114 0.27112876713344325
5.612488640322992e-08 0.9999997755004544
0.660468558192186 0.30639070633933213
0.9046817686075544 0.0052564434992632605
0.16290961787931818 0.09278275696365475
0.7881128690191613 0.1904872664730395
0.09269497770302215 0.18909438305409113
0.026358283084352598 0.5397245485651667
0.24672107374656874 0.4559731960024533
0.19063544426014406 0.5236621825182962
0.21473708441694492 0.2352867365609118
0.5522032978975576 0.10797112582381144
0.251056108251768 0.24505662785755505
0.45111530105554276 0.258354131631886
0.00456587034246643 0.3808066016893992
0.061902894031553954 0.04486828232213567
0.49956520857942877 0.007513568799707159
0.3168300888350247 0.32660556101652904
0.6295737579962456 0.09929190207508946
0.03879456463886847 0.8761367148786711
0.31865543248446443 0.6543938658526608
2.785656543033658e-07 5.571313086067316e-08
0.04073873899625595 0.7305254917772181
0.7103770345788838 0.18380698719037458
0.09772365744731402 0.08862389292953946
0.28994482486675666 0.4365771310494236
0.14895666875867955 0.07542178882657707
0.25955948353704017 0.20729783792397138
0.009358451465103909 0.33090268116787047
0.5349106002420233 0.008446171392416017
0.031359574199092896 0.4091132697238262
0.131167773017429 0.45330539813631554
0.48975402596036066 0.30398783645198013
0.5403495331772492 0.41947469740200505
0.34630132017571635 0.5778779888190961
0.5598748558412343 0.15440657713727107
0.4958746478915142 0.2612173904296761
0.3274756479995407 0.005887042099860794
0.2854273911462245 0.5595372716628327
0.09762452197420263 0.17537024050404787
0.19356442462739598 0.4218828665167417
0.47508513606572633 0.47360949930983565
0.5813120143392361 0.18620026949179674
0.019750511898428386 0.043525010205211524
0.4136965108154554 0.03815862468853786
3.042442930768238e-08 0.9999998783022829
0.11000847502706401 0.34777291527992027
0.28241514234056103 0.1365502095368665
0.1532855096435006 0.19363524037372873
0.04616179956654219 0.8181031807248073
0.2109734252862667 0.7378869389705853
0.42719901215437 0.18894065771361895
0.08578525088428092 0.5854160422865122
0.36193068679522256 0.09208078839824496
0.04036454186556452 0.7359013272045077
0.014601593831872954 0.33186199529424765
0.6683250245515644 0.04611885787979057
0.002059169106293975 0.32346724456012216
0.7620567214369006 0.2022601349057339
0.04579906819734456 0.7105052049251324
0.4574840782475091 0.2781889696812537
0.4535874150817625 0.11380390889421392
0.2744889753177138 0.3650696660483212
0.15273802362144479 0.785420618165072
0.31862537774638405 0.492012549060815
0.16596607269472013 0.5742609811741916
0.7083535446931108 0.0407231177878039
0.4800072516046845 0.41846610455124084
0.2557027324997115 0.40594491207288275
0.13168369088489515 0.4972037619767275
0.20666809610193984 0.2702591613823343
0.38438000068289435 0.2634877934927502
0.060730199865959136 0.7291340167281526
0.09946264861422228 0.1855918975455455
0.13148502383856822 0.6211352156819944
0.03022895225951913 0.8583310561763593
0.06702749213565962 0.7361810288549823
0.3433091256121471 0.39065641704625487
0.35950924220132635 0.5064509859210135
0.6953794676138302 0.20899947159591753
0.0035860182431281676 0.5388148969874476
0.7885006749325884 0.11878096020402065
0.06237738992901891 0.8944956122535052
0.17856366144768146 0.6743036103981062
0.24105930394430072 0.4419117888706771
0.007379148379425741 0.34687981978166815
0.11229901623933913 0.49280880972000357
0.11892341214635188 0.7060411074135152
0.39539430691605304 0.5094815328443637
0.041712026816929516 0.5951890510383168
0.2720677931357454 0.562813382855842
0.31942726193304977 0.6073813253138994
0.7708497831791975 0.13528163623034234
0.5143789874087844 0.22973462690665816
0.6528501404500789 0.06543612525074939
0.6962459455580234 0.22561269537769058
0.2571381040055971 0.7035947883933872
0.501141716039217 0.3263456215463775
0.6928566693121133 0.10165235130891964
0.06423086808810598 0.7322845199517164
0.4764932396191701 0.29716583031296834
0.6125128138342734 0.08064691913913838
